0 561356 0
1 321377 0
2 250307 0
3 176091 1
4 162945 0
5 230479 0
6 286045 1
7 238754 1
8 249446 1
9 242079 0
10 215891 0
11 231738 0
12 302358 0
13 231732 1
14 244563 0
15 269067 1
16 298036 0
17 252213 1
18 241122 1
19 274961 1
20 212848 1
21 264482 1
22 265818 1
23 247990 1
24 228745 1
25 271906 1
26 369406 0
27 345029 0
28 329147 1
29 363591 1
30 332804 1
31 304065 0
32 309188 1
33 336128 1
34 322471 1
35 334243 1
36 354936 1
37 329750 1
38 353274 1
39 298048 1
40 309746 1
41 302714 1
42 320839 1
43 347252 1
44 371674 1
45 360694 1
46 357908 1
47 348523 1
48 354621 1
49 355404 1
50 333443 1
51 363378 1
52 346188 1
53 352770 1
54 341647 1
55 364153 1
56 379533 1
57 315797 1
58 312625 1
59 319036 1
60 340383 1
61 342736 1
62 321065 1
63 322429 1
64 307019 1
65 355249 1
66 357955 1
67 359675 1
68 376675 1
69 382940 1
70 387902 1
71 393077 1
72 390940 1
73 396743 1
74 403099 1
75 393382 1
76 401478 1
77 398604 1
78 398807 1
79 395447 1
80 398062 1
81 387871 1
82 393480 1
83 396099 1
84 391316 1
85 394732 1
86 393761 1
87 392218 1
88 396574 1
89 399455 1
90 389944 1
91 395266 1
92 402311 1
93 406918 1
94 406824 1
95 406985 1
96 405569 1
97 405833 1
98 413461 1
99 413461 1
100 414877 1
101 419283 1
102 416620 1
103 416603 1
104 416603 1
105 411179 1
106 414206 1
107 415864 1
108 420880 1
109 422418 1
110 426211 1
111 426211 1
112 426574 1
113 429567 1
114 430525 1
115 431956 1
116 431956 1
117 435035 1
118 435052 1
119 435052 1
120 437724 1
121 437987 1
122 442976 1
123 442976 1
124 442976 1
125 442976 1
126 442976 1
127 442976 1
128 442976 1
129 442976 1
130 442976 1
131 442976 1
132 442976 1
133 443383 1
134 443383 1
135 443383 1
136 443383 1
137 443383 1
138 443383 1
139 443383 1
140 443383 1
141 443383 1
142 443383 1
143 443383 1
144 443383 1
145 443383 1
146 443383 1
147 443383 1
148 443383 1
149 443861 1
150 443861 1
151 443861 1
152 443861 1
153 443861 1
154 445234 1
155 445234 1
156 445234 1
157 445234 1
158 445234 1
159 447095 1
160 447095 1
161 447095 1
162 447095 1
163 447095 1
164 447626 1
165 447626 1
166 447626 1
167 447626 1
168 447626 1
169 450947 1
170 450947 1
