0 309368 1
1 295830 0
2 294281 0
3 292315 0
4 294389 0
5 309169 0
6 292654 0
7 295517 0
8 290642 1
9 296641 0
10 296044 0
11 290607 0
12 292659 0
13 290607 1
14 296044 0
15 293828 0
16 295618 0
17 294016 1
18 292167 0
19 293929 0
20 290539 0
21 294261 0
22 309442 0
23 300050 0
24 290607 1
25 301811 0
26 296110 0
27 295881 1
28 298058 0
29 290599 0
30 295984 0
31 295685 0
32 294032 1
33 292418 0
34 296369 1
35 290541 1
36 292654 0
37 292167 1
38 292551 0
39 295353 0
40 296145 0
41 292416 0
42 311136 1
43 297406 1
44 297569 0
45 293991 1
46 307002 1
47 292823 0
48 295413 1
49 292924 0
50 297853 1
51 306644 1
52 303339 1
53 290710 1
54 293828 1
55 297676 1
56 296598 1
57 299947 1
58 308689 1
59 306576 1
60 307002 1
61 301915 1
62 300361 0
63 294281 1
64 311131 1
65 304950 1
66 290541 1
67 309816 1
68 314731 1
69 303714 1
70 296369 1
71 296145 1
72 306679 1
73 308732 1
74 308915 1
75 312933 1
76 313205 1
77 308629 1
78 309247 1
79 308629 1
80 313037 1
81 308528 1
82 305239 1
83 308629 1
84 310779 1
85 305138 1
86 310941 1
87 307376 1
88 307104 1
89 305342 1
90 311136 1
91 307207 1
92 312832 1
93 312935 1
94 314459 1
95 313001 1
96 309503 1
97 312996 1
98 314628 1
99 314519 1
100 310883 1
101 314622 1
102 314519 1
103 310881 1
104 313102 1
105 311112 1
106 314731 1
107 314628 1
108 314459 1
109 314358 1
110 314562 1
111 314562 1
112 314526 1
113 314459 1
114 312933 1
115 314630 1
116 314562 1
117 312678 1
118 314358 1
119 314628 1
120 314461 1
121 314731 1
122 314562 1
123 313102 1
124 314628 1
125 314418 1
126 312570 1
127 314562 1
128 314358 1
129 314791 1
130 314459 1
131 314628 1
132 314459 1
133 314630 1
134 314521 1
135 314791 1
136 314358 1
137 314526 1
138 314562 1
139 314630 1
140 314519 1
141 314562 1
142 314459 1
143 314459 1
144 314562 1
145 314562 1
146 314526 1
147 314731 1
148 314688 1
149 314791 1
150 314731 1
151 314358 1
152 314690 1
153 314519 1
154 314731 1
155 314630 1
156 314562 1
157 314459 1
158 314526 1
159 314622 1
160 314459 1
161 314630 1
162 314562 1
163 314587 1
164 314731 1
165 314562 1
166 314731 1
167 314791 1
168 314731 1
169 314562 1
170 314731 1
