0 37 1
1 43 0
2 41 0
3 42 0
4 39 0
5 42 1
6 41 0
7 38 0
8 47 0
9 42 1
10 41 0
11 42 1
12 41 0
13 41 1
14 39 1
15 44 0
16 42 0
17 40 1
18 40 0
19 41 1
20 41 1
21 41 1
22 44 0
23 40 0
24 42 0
25 65 0
26 40 0
27 42 0
28 41 0
29 38 1
30 38 0
31 40 1
32 40 0
33 46 0
34 41 0
35 44 0
36 42 0
37 41 1
38 42 1
39 74 0
40 76 0
41 39 0
42 41 0
43 41 0
44 42 0
45 44 1
46 42 1
47 41 0
48 44 1
49 39 1
50 43 0
51 44 1
52 39 0
53 40 0
54 42 0
55 40 0
56 44 1
57 41 1
58 43 0
59 44 0
60 41 1
61 41 0
62 41 1
63 40 1
64 40 1
65 38 1
66 38 1
67 42 0
68 39 1
69 37 1
70 42 0
71 40 0
72 40 1
73 42 1
74 64 1
75 57 1
76 71 1
77 70 1
78 75 1
79 75 1
80 74 1
81 64 1
82 74 1
83 71 1
84 74 1
85 74 1
86 74 1
87 75 1
88 74 1
89 72 1
90 73 1
91 75 1
92 75 1
93 74 1
94 75 1
95 74 1
96 75 1
97 72 1
98 69 1
99 74 1
100 75 1
101 72 1
102 74 1
103 74 1
104 73 1
105 75 1
106 74 1
107 74 1
108 75 1
109 72 1
110 75 1
111 75 1
112 72 1
113 75 1
114 74 1
115 74 1
116 74 1
117 75 1
118 74 1
119 74 1
120 74 1
121 75 1
122 75 1
123 75 1
124 74 1
125 75 1
126 75 1
127 75 1
128 75 1
129 75 1
130 75 1
131 75 1
132 75 1
133 75 1
134 75 1
135 75 1
136 75 1
137 75 1
138 75 1
139 75 1
140 75 1
141 75 1
142 75 1
143 75 1
144 75 1
145 75 1
146 75 1
147 75 1
148 75 1
149 75 1
150 75 1
151 75 1
152 75 1
153 75 1
154 75 1
155 75 1
156 75 1
157 75 1
158 75 1
159 75 1
160 75 1
161 75 1
162 75 1
163 75 1
164 75 1
165 75 1
166 75 1
167 75 1
168 75 1
169 75 1
170 75 1
