0 37 1
1 125 0
2 127 0
3 136 0
4 130 0
5 121 0
6 125 0
7 136 0
8 122 0
9 123 0
10 121 0
11 123 0
12 113 0
13 112 0
14 118 0
15 116 0
16 115 0
17 114 0
18 109 0
19 119 0
20 106 0
21 98 0
22 98 0
23 99 0
24 90 0
25 84 0
26 95 0
27 94 0
28 92 0
29 104 0
30 100 0
31 89 0
32 94 0
33 91 0
34 81 0
35 89 0
36 71 0
37 81 0
38 85 0
39 74 0
40 89 0
41 67 0
42 71 0
43 67 0
44 68 0
45 70 0
46 61 0
47 68 0
48 62 0
49 68 0
50 60 0
51 64 0
52 55 0
53 56 0
54 50 0
55 54 0
56 53 0
57 49 0
58 54 0
59 51 0
60 55 0
61 58 0
62 51 0
63 53 0
64 57 0
65 42 0
66 50 0
67 56 0
68 52 0
69 51 0
70 50 0
71 45 0
72 46 0
73 44 0
74 41 0
75 49 0
76 51 0
77 46 0
78 46 0
79 48 0
80 47 0
81 44 0
82 54 0
83 44 0
84 36 0
85 39 0
86 42 0
87 40 0
88 43 0
89 37 0
90 41 0
91 46 0
92 45 0
93 41 0
94 38 0
95 41 0
96 35 0
97 45 0
98 39 0
99 38 0
100 37 0
101 45 0
102 43 0
103 39 0
104 39 0
105 38 0
106 41 0
107 35 0
108 39 0
109 41 0
110 37 0
111 42 0
112 34 1
113 37 0
114 38 0
115 39 1
116 38 0
117 37 1
118 39 1
119 42 0
120 42 0
121 41 1
122 41 1
123 40 1
124 41 1
125 38 1
126 40 1
127 38 0
128 42 0
129 40 1
130 41 1
131 39 1
132 39 0
133 40 1
134 40 1
135 41 1
136 41 1
137 41 1
138 41 1
139 40 1
140 41 1
141 40 1
142 41 1
143 41 1
144 41 1
145 41 1
146 41 1
147 41 1
148 41 1
149 41 1
150 41 1
151 41 1
152 41 1
153 41 1
154 41 1
155 41 1
156 41 1
157 41 1
158 41 1
159 41 1
160 41 1
161 41 1
162 41 1
163 41 1
164 41 1
165 41 1
166 41 1
167 41 1
168 41 1
169 41 1
170 41 1
